"","V1","V2","V3","V4","V5","V6","V7","V8","V9","V10","V11","V12","V13","V14","V15"
"1",1.5,1.5,1.5,1.5,1.5,2,2,2,2,2,3,3,3,3,3
"2",1,2,3,4,5,1,2,3,4,5,1,2,3,4,5
"3",27,26,32,25,24,26,23,29,24,24,25,27,28,25,23
"4",21,32,22,23,18,22,29,24,20,20,21,21,23,28,27
"5",29,26,22,23,22,25,26,25,26,24,26,22,27,27,27
"6",23,29,27,18,22,20,25,26,24,23,24,26,29,22,25
"7",22,24,22,24,33,21,23,21,23,25,25,24,21,23,25
"8",27,25,19,24,20,28,17,22,27,30,28,22,26,27,27
"9",24,27,25,29,33,27,27,25,28,29,25,27,28,22,20
"10",28,19,16,36,21,29,22,24,31,29,22,24,29,23,24
"11",24,26,33,31,26,26,30,30,29,28,24,23,28,22,24
"12",24,26,22,23,23,19,22,24,25,26,28,23,23,22,29
"13",19,30,23,26,22,26,28,22,26,26,24,25,25,26,23
"14",24,23,28,28,19,21,24,27,23,22,29,16,24,19,20
"15",24,21,24,23,22,23,27,24,21,24,22,21,31,24,26
"16",20,21,22,25,28,26,27,19,32,19,28,24,25,26,23
"17",26,27,23,21,31,29,26,16,21,27,26,21,23,28,24
"18",26,26,23,27,23,27,29,21,27,23,25,24,26,23,20
"19",24,34,21,20,27,26,27,23,27,24,31,21,27,26,22
"20",19,25,32,26,30,21,28,24,22,28,26,21,22,26,22
"21",32,22,30,25,27,24,21,23,26,24,23,20,22,24,22
"22",22,22,27,23,30,22,21,27,28,33,23,27,26,26,23
"23",21,25,27,14,25,22,24,31,23,28,27,30,22,23,24
"24",18,23,19,28,24,20,21,25,24,28,22,23,23,21,24
"25",22,36,24,23,31,21,30,30,21,25,23,25,22,26,28
"26",18,21,25,26,27,23,29,22,27,26,22,28,25,26,23
"27",22,25,24,17,27,32,30,23,24,28,23,27,27,23,22
"28",31,25,28,18,22,28,31,26,24,27,21,23,23,23,19
"29",20,32,24,22,19,21,28,25,31,20,28,26,24,24,23
"30",34,17,24,27,25,23,27,28,31,19,22,22,21,24,27
"31",27,20,19,33,29,22,24,25,22,29,21,22,22,24,23
"32",21,35,29,28,24,25,24,20,21,24,27,21,25,22,27
"33",27,27,24,25,28,26,24,25,21,22,23,22,25,24,27
"34",31,22,19,24,32,30,23,24,21,22,32,21,25,23,29
"35",27,27,34,24,23,29,17,22,22,19,22,26,26,22,30
"36",30,23,26,28,21,25,28,29,27,21,24,26,28,22,28
"37",26,29,27,21,23,26,30,24,30,27,24,23,34,23,21
"38",28,20,20,25,20,24,20,27,22,24,23,23,26,28,24
"39",28,28,22,29,30,25,25,30,22,23,28,28,25,25,27
"40",29,32,26,23,29,25,25,33,25,26,26,24,23,26,22
"41",26,25,25,26,25,24,27,20,30,20,25,22,28,25,22
"42",19,25,23,27,28,21,25,24,28,20,26,21,26,29,20
"43",27,25,28,29,21,24,28,25,30,23,21,21,24,27,23
"44",26,20,26,26,27,26,32,27,22,22,27,22,27,25,23
"45",23,24,28,23,32,29,21,20,27,30,28,29,21,29,28
"46",25,28,27,21,20,23,19,26,25,22,22,23,21,24,23
"47",25,28,25,35,29,21,24,21,24,25,22,20,25,23,26
"48",25,26,25,17,20,26,32,25,23,18,27,29,23,20,20
"49",17,27,26,27,16,25,27,23,23,23,19,27,28,24,22
"50",30,30,28,21,28,19,25,20,31,23,27,29,22,22,21
"51",27,25,27,23,25,22,23,17,28,30,27,26,24,22,25
"52",24,22,26,26,19,25,22,32,21,21,28,21,29,26,23
"53",28,24,22,21,30,28,26,26,24,30,22,30,25,25,23
"54",19,28,24,25,18,22,30,28,21,19,25,26,22,26,25
"55",31,21,30,22,36,20,21,33,25,23,21,23,26,22,26
"56",32,27,32,18,25,18,27,25,29,24,25,28,28,28,26
"57",27,23,24,24,29,22,29,26,28,30,26,24,26,22,26
"58",21,19,25,27,35,19,28,25,28,25,22,21,21,24,26
"59",28,20,26,27,26,28,20,26,29,19,24,22,27,25,24
"60",22,27,27,29,24,22,26,29,21,23,28,25,22,21,19
"61",18,29,23,23,21,19,25,21,25,27,30,29,21,22,22
"62",26,34,23,24,21,24,27,25,21,29,29,26,18,24,21
"63",34,26,21,27,30,24,33,27,23,20,27,29,23,26,22
"64",32,32,27,23,27,27,27,28,23,23,25,26,26,24,23
"65",24,26,20,23,20,22,25,30,32,22,24,31,23,24,23
"66",31,30,29,15,27,28,26,27,24,19,25,20,24,28,24
"67",18,23,22,24,24,28,24,29,22,28,25,21,21,26,29
"68",23,30,27,21,34,30,24,24,30,28,23,22,22,23,32
"69",22,29,18,27,23,20,30,30,27,25,20,27,25,25,25
"70",26,33,22,24,21,25,31,30,18,27,20,25,24,27,30
"71",17,28,21,17,21,21,29,20,29,27,26,23,26,25,25
"72",29,26,29,36,28,25,26,20,26,21,25,27,20,20,25
"73",16,23,21,32,19,23,23,24,28,20,25,21,24,27,28
"74",22,30,26,32,29,23,36,29,21,27,23,23,26,24,26
"75",21,23,30,23,31,21,22,25,23,21,26,27,30,29,25
"76",23,27,20,29,25,25,29,23,28,23,26,24,24,20,23
"77",22,19,19,17,27,16,17,25,28,23,30,26,26,21,22
"78",25,19,30,22,25,24,22,27,23,22,24,25,25,24,24
"79",28,30,24,20,26,21,26,25,20,24,23,29,25,24,21
"80",29,21,23,18,22,21,28,23,25,22,25,22,20,22,20
"81",21,22,29,29,22,24,22,26,23,21,23,23,27,25,22
"82",29,24,29,17,25,32,26,27,25,30,25,23,23,26,28
"83",23,20,20,26,17,24,20,20,28,19,29,22,25,27,20
"84",21,25,25,29,31,26,25,21,23,24,18,28,30,20,27
"85",28,22,34,27,22,26,19,28,28,27,24,26,25,20,27
"86",26,24,24,22,24,20,22,28,31,21,23,20,25,28,24
"87",26,23,17,27,19,29,21,27,31,26,26,28,26,20,26
"88",24,26,28,27,23,25,24,26,33,20,27,29,27,24,26
"89",18,25,23,24,22,29,20,23,22,24,25,19,24,26,24
"90",28,22,28,29,22,31,23,22,20,21,23,23,26,24,24
"91",27,22,19,23,28,23,24,26,22,28,29,26,24,28,25
"92",22,30,24,23,24,24,32,23,27,24,26,29,23,26,24
"93",24,21,29,23,27,25,28,24,28,29,25,22,27,25,24
"94",20,29,32,28,22,30,23,25,26,26,22,27,23,23,24
"95",21,27,33,27,24,31,26,28,22,23,24,27,23,22,29
"96",24,22,25,24,21,25,26,23,28,23,26,23,26,24,26
"97",29,28,26,18,27,25,31,27,25,33,27,23,26,26,24
"98",30,31,26,25,30,31,25,12,25,26,23,22,23,19,28
"99",20,24,24,23,32,26,24,27,22,23,27,23,28,25,25
"100",18,26,17,28,25,21,24,23,26,29,30,22,27,25,27
"101",27,29,27,32,18,29,19,23,28,21,27,27,23,23,22
"102",24,23,27,27,25,24,26,25,21,26,20,26,24,28,23
"103",23,23,32,20,28,25,24,26,22,21,21,31,28,28,23
"104",23,24,26,25,36,29,27,28,21,27,21,25,18,25,24
"105",24,22,28,21,22,29,25,28,24,28,20,20,20,25,26
"106",27,29,23,25,23,28,25,30,23,25,26,30,23,26,30
"107",23,24,24,29,20,30,23,25,25,22,21,24,24,19,27
"108",24,25,20,25,24,23,22,23,23,23,20,26,23,23,27
"109",32,27,25,18,20,27,29,21,24,26,26,25,27,27,21
"110",25,21,29,28,21,25,18,20,21,22,28,24,27,28,29
"111",26,30,22,23,25,29,27,31,27,21,31,24,28,26,22
"112",31,24,23,33,31,19,25,19,22,26,23,24,25,26,20
"113",29,25,24,28,26,30,24,33,24,19,25,28,28,27,25
"114",30,28,19,25,16,18,20,22,22,27,24,26,20,24,24
"115",27,25,21,24,26,27,28,29,27,20,27,27,25,25,23
"116",26,24,25,28,24,26,28,24,23,26,25,23,23,22,24
"117",23,25,29,23,23,26,23,23,26,27,25,20,21,23,27
"118",25,23,26,25,20,24,25,36,25,24,22,17,29,27,21
"119",27,25,25,25,20,24,20,22,26,33,24,28,22,25,26
"120",24,27,16,21,25,22,23,25,23,21,21,28,21,28,22
"121",24,25,28,24,24,26,24,27,29,33,22,26,23,26,26
"122",27,23,17,27,33,28,33,29,22,22,22,26,26,21,24
"123",24,28,16,28,29,29,25,32,27,24,24,23,26,28,28
"124",22,28,27,28,30,26,25,27,23,17,25,23,18,25,22
"125",31,29,28,25,25,17,26,25,24,33,26,21,23,26,20
"126",25,31,25,31,28,22,24,24,19,25,23,25,25,24,29
"127",19,28,29,26,22,21,23,32,22,18,23,27,22,18,22
"128",25,28,25,26,26,26,25,31,19,28,25,31,25,23,24
"129",29,24,20,28,26,21,24,22,23,24,24,22,26,25,28
"130",21,24,26,25,24,29,21,14,27,23,28,22,28,32,22
"131",28,26,30,21,22,22,25,32,17,22,25,27,25,22,24
"132",25,21,21,26,29,29,29,22,20,25,23,24,27,18,32
"133",23,22,23,34,23,27,24,27,24,29,23,25,26,30,32
"134",19,30,27,25,27,23,29,27,23,28,21,26,26,26,19
"135",22,24,31,29,29,25,29,25,23,27,28,24,21,25,26
"136",26,25,19,22,26,32,26,28,17,22,21,25,26,28,23
"137",24,24,24,31,26,27,21,22,24,22,25,20,20,22,21
"138",25,30,30,22,32,26,26,31,21,27,28,25,26,27,29
"139",31,33,28,26,31,26,26,27,25,23,23,25,24,21,27
"140",38,24,27,31,20,21,30,21,29,26,24,26,21,23,27
"141",22,22,26,29,27,22,15,19,25,29,30,21,23,24,27
"142",26,28,24,26,22,24,26,27,29,22,26,24,23,24,24
"143",25,27,23,16,20,20,24,21,31,21,25,23,24,25,25
"144",23,27,27,16,31,22,29,29,24,25,24,23,22,28,24
"145",26,18,24,23,23,25,25,29,21,24,29,21,24,22,22
"146",29,29,24,35,19,30,19,29,27,33,29,20,24,25,19
"147",24,24,27,28,38,28,24,25,23,28,24,24,23,24,26
"148",26,25,27,27,34,27,20,21,28,26,21,22,28,23,28
"149",26,22,22,24,24,26,22,28,28,23,25,21,26,28,23
"150",28,26,20,16,24,28,25,25,25,28,27,22,25,24,21
"151",10,25,15,23,23,20,34,29,29,26,22,21,24,25,23
"152",20,31,24,27,24,22,24,30,33,28,28,25,29,25,21
"153",22,27,22,36,26,32,22,28,17,29,26,26,25,23,27
"154",28,20,25,24,34,23,26,23,25,21,22,27,25,21,25
"155",20,27,28,21,30,18,22,32,22,15,26,30,26,25,23
"156",29,29,29,23,23,18,23,28,21,27,23,22,25,26,22
"157",30,26,27,24,27,20,27,27,24,26,28,27,26,26,30
"158",23,23,25,23,27,25,24,24,29,30,25,27,27,27,19
"159",25,23,23,25,24,27,21,24,24,24,24,23,27,25,25
"160",25,25,36,31,17,25,26,18,28,27,27,24,21,21,21
"161",30,25,24,20,29,25,25,19,19,25,24,23,25,26,27
"162",35,24,21,25,22,23,27,16,19,18,26,25,26,25,24
"163",25,20,19,25,21,29,28,28,31,24,24,28,26,24,25
"164",21,27,35,30,26,18,26,30,24,20,24,23,21,25,24
"165",23,30,21,19,29,24,22,26,24,27,30,24,28,28,22
"166",34,31,26,20,26,26,24,23,25,25,21,23,21,25,21
"167",33,26,25,33,31,27,30,20,25,24,22,21,23,21,25
"168",23,23,21,27,27,23,26,28,27,26,23,20,25,22,26
"169",31,23,29,29,20,32,27,24,22,24,23,26,20,21,24
"170",21,22,28,34,18,30,28,23,22,25,22,20,25,21,24
"171",26,25,23,25,23,23,32,26,24,26,25,25,29,25,28
"172",25,31,18,25,29,20,28,24,24,32,26,22,22,22,25
"173",22,29,27,27,24,26,23,31,24,26,25,24,26,28,22
"174",26,21,27,24,19,25,25,22,23,30,25,25,22,27,24
"175",24,32,18,22,24,28,20,29,30,26,24,26,26,26,19
"176",27,30,27,24,22,25,33,19,22,29,24,24,22,26,28
"177",30,29,25,21,18,23,20,17,28,26,24,22,22,27,32
"178",22,32,23,30,27,23,24,17,18,25,29,22,24,25,28
"179",29,30,18,22,35,22,25,22,22,24,21,23,26,24,23
"180",30,19,20,20,34,27,19,24,24,26,22,30,25,30,24
"181",26,22,28,32,28,34,26,23,25,25,28,27,26,31,25
"182",25,28,29,31,28,23,22,26,26,27,24,24,25,25,25
"183",20,26,20,23,24,19,32,31,20,21,20,22,23,23,27
"184",30,32,24,32,23,24,18,26,33,17,22,29,23,22,25
"185",24,26,22,28,21,29,30,25,24,18,27,29,28,20,20
"186",19,21,19,29,29,28,23,20,27,27,24,26,25,24,19
"187",22,23,26,20,27,21,27,28,28,26,21,21,32,28,28
"188",25,20,19,27,31,18,20,32,25,24,29,20,26,25,29
"189",22,20,30,27,20,30,20,28,27,26,27,31,23,19,29
"190",31,21,25,20,22,22,24,20,22,23,23,24,20,26,27
"191",28,26,24,28,24,25,27,31,25,26,23,26,22,20,24
"192",18,18,25,25,31,32,29,23,21,23,28,18,20,23,23
"193",25,23,23,20,26,25,27,15,27,21,24,22,25,21,26
"194",24,19,25,28,24,27,30,22,24,30,25,21,22,21,23
"195",22,20,30,21,28,26,24,21,28,26,27,25,22,27,21
"196",30,24,23,24,28,25,26,22,22,32,21,26,24,28,25
"197",24,24,28,25,24,30,21,26,28,23,25,24,24,27,27
"198",23,25,27,19,28,27,28,28,24,28,22,24,22,27,24
"199",29,24,29,31,27,23,25,22,22,34,21,21,19,22,25
"200",26,30,27,28,29,23,26,24,19,21,24,25,26,29,25
"201",25,17,26,24,24,25,22,22,27,24,26,30,22,25,26
"202",31,23,26,30,25,18,25,24,27,23,25,19,29,25,22
"203",20,23,27,20,31,22,26,27,24,24,24,26,26,25,28
"204",19,23,25,23,25,23,26,32,25,28,23,22,27,24,27
"205",24,29,23,31,29,24,20,24,25,29,24,30,22,25,23
"206",31,27,21,21,30,27,32,22,25,19,22,23,22,25,27
"207",21,31,26,29,28,30,26,28,26,24,26,25,23,25,27
"208",21,29,20,28,21,23,25,24,19,22,27,22,27,26,27
"209",22,25,32,26,24,23,24,27,22,21,26,26,23,26,24
"210",23,25,20,22,29,23,25,19,35,22,25,28,24,22,23
"211",24,24,24,20,25,24,29,15,24,25,25,21,25,25,21
"212",25,24,23,24,24,28,26,28,28,25,26,26,25,23,26
"213",28,25,24,34,27,22,30,21,30,22,28,27,23,25,20
"214",23,33,19,21,31,27,20,25,24,22,23,24,23,23,24
"215",24,34,32,24,24,28,21,26,16,23,23,24,26,27,24
"216",27,28,30,31,22,29,22,26,19,26,26,25,21,24,25
"217",28,31,29,18,26,18,24,27,34,29,29,25,27,26,28
"218",21,25,28,19,25,29,26,29,24,34,26,22,26,27,26
"219",30,28,19,26,22,30,21,27,24,30,24,28,19,28,23
"220",30,28,21,31,14,23,22,34,24,28,28,20,29,23,24
"221",19,26,23,31,27,25,23,22,20,22,24,22,24,31,27
"222",26,24,26,30,28,23,28,19,23,26,23,23,24,25,29
"223",27,29,23,28,24,22,19,25,27,21,29,26,28,23,19
"224",25,27,25,25,26,28,19,33,30,29,24,25,24,19,30
"225",27,27,21,23,26,26,26,25,26,28,25,25,28,26,27
"226",25,28,24,24,28,27,25,22,28,23,29,24,28,21,24
"227",22,21,27,26,25,25,29,19,24,25,23,25,22,27,20
"228",24,28,21,21,24,17,28,29,33,28,25,26,21,24,21
"229",23,18,17,27,32,26,25,28,24,20,27,21,23,25,21
"230",17,31,32,23,23,27,28,27,24,25,28,26,23,24,26
"231",30,23,23,25,23,28,26,27,26,22,29,27,27,21,22
"232",27,29,21,19,20,29,21,24,23,27,29,26,25,23,31
"233",23,27,26,24,26,25,28,26,29,24,23,27,29,23,27
"234",27,25,22,29,28,27,19,31,24,25,24,32,22,23,26
"235",29,22,19,28,23,23,27,24,27,25,21,22,24,25,24
"236",26,26,25,20,21,24,27,28,27,27,24,26,22,23,26
"237",25,25,29,25,25,18,22,24,20,26,27,22,25,26,19
"238",25,24,29,33,28,27,30,25,25,24,20,31,27,24,26
"239",22,18,20,28,21,22,21,26,27,27,27,27,28,26,21
"240",19,29,21,25,27,25,25,22,32,23,25,25,23,23,20
"241",22,24,32,32,26,23,27,28,20,18,26,19,28,23,27
"242",18,25,17,26,30,25,24,24,18,27,24,23,28,23,24
"243",25,24,32,24,28,25,25,29,21,26,27,27,17,24,24
"244",20,22,24,26,23,24,26,27,28,21,23,28,19,26,24
"245",23,18,25,26,26,25,26,17,24,29,25,24,22,23,22
"246",18,25,24,25,29,27,20,25,21,27,23,24,28,24,25
"247",30,27,22,29,25,20,26,24,25,23,28,28,21,27,24
"248",26,27,29,30,18,27,26,30,23,20,24,24,21,27,23
"249",32,26,26,17,22,28,23,30,31,29,26,25,20,25,24
"250",28,23,28,29,22,23,31,28,21,23,23,26,25,22,28
"251",23,18,16,20,18,26,22,26,25,25,23,26,23,23,27
"252",26,29,29,23,19,23,29,30,25,18,25,28,27,22,29
"253",27,30,24,27,33,28,26,24,23,26,25,23,28,23,23
"254",21,29,28,18,27,29,28,23,28,25,22,23,27,25,27
"255",26,25,23,28,22,27,22,28,19,20,30,25,27,28,29
"256",29,24,24,31,26,24,23,22,27,33,21,22,20,22,32
"257",34,22,31,26,22,21,32,29,25,19,29,26,24,25,20
"258",22,31,32,18,17,26,24,28,23,26,27,21,22,23,25
"259",27,24,22,25,18,25,21,20,18,21,24,24,27,27,22
"260",38,19,28,34,23,30,22,27,29,23,25,27,24,22,27
"261",27,20,29,25,27,24,24,21,27,22,21,31,32,21,18
"262",20,25,29,23,35,22,28,31,27,23,24,19,26,21,23
"263",16,26,26,34,27,26,24,26,30,26,22,23,20,23,25
"264",20,21,23,25,21,27,28,22,25,26,27,24,21,26,22
"265",31,30,21,19,26,25,25,26,25,29,19,22,27,28,22
"266",21,24,30,30,23,26,22,30,25,22,28,24,29,26,26
"267",26,22,29,22,27,21,26,23,31,24,25,24,28,23,22
"268",26,15,29,32,30,22,21,26,25,24,22,27,25,27,23
"269",24,24,28,27,22,23,23,29,25,28,23,33,25,20,26
"270",22,23,25,24,26,24,24,22,26,29,28,22,28,22,22
"271",20,29,23,23,27,17,24,21,30,19,23,20,26,26,32
"272",22,26,21,31,19,27,22,27,18,24,27,22,24,28,32
"273",26,28,28,22,26,20,25,22,21,28,27,25,23,22,24
"274",22,27,31,23,25,24,25,25,26,22,25,23,28,29,23
"275",27,21,28,28,21,32,23,23,28,29,23,19,19,29,28
"276",30,24,20,20,26,25,22,27,26,25,24,22,21,26,18
"277",26,27,33,23,24,24,26,22,29,27,29,24,26,32,25
"278",21,24,22,22,25,23,23,25,23,33,27,26,23,27,26
"279",22,24,24,23,29,24,20,20,24,23,19,26,25,21,25
"280",22,29,30,28,24,27,24,26,30,23,23,19,27,23,28
"281",24,25,26,25,22,28,26,23,28,26,23,32,22,21,20
"282",17,18,18,26,32,26,21,22,21,29,21,22,29,28,27
"283",28,24,31,28,25,29,24,26,24,23,26,21,25,19,31
"284",24,27,31,30,25,23,25,18,28,20,26,21,25,29,29
"285",26,28,28,29,21,25,27,17,25,19,24,23,23,23,23
"286",28,23,25,24,30,18,20,30,21,28,25,26,23,22,28
"287",21,19,24,28,31,26,26,23,30,22,25,28,20,23,18
"288",27,18,28,23,27,25,26,33,28,27,26,32,27,19,28
"289",24,34,31,26,26,30,23,26,27,28,25,23,24,32,24
"290",26,27,20,23,33,25,23,27,19,25,23,19,23,32,23
"291",19,22,24,28,36,18,25,28,18,25,28,28,25,26,18
"292",27,19,29,21,30,25,24,22,20,24,21,23,22,27,29
"293",27,26,25,26,27,26,25,24,18,25,25,27,21,24,28
"294",27,20,23,22,28,27,16,19,23,26,32,25,22,25,24
"295",29,23,30,22,21,27,27,24,20,22,23,23,22,23,25
"296",18,28,28,26,26,27,26,20,21,20,21,28,23,24,27
"297",23,19,26,17,23,29,30,21,24,26,23,22,22,27,20
"298",28,17,23,24,27,20,20,30,25,23,29,24,20,22,26
"299",29,24,29,24,27,24,23,26,26,25,22,23,21,30,25
"300",31,22,22,21,24,16,24,20,22,24,25,28,24,21,21
"301",30,22,22,32,21,33,22,19,19,27,22,26,24,26,20
"302",24,22,28,33,26,32,24,25,28,28,21,25,26,23,32
"303",27,22,22,27,23,23,23,24,28,25,26,24,21,25,29
"304",25,23,27,23,22,23,25,23,25,25,22,22,21,24,24
"305",24,27,26,22,24,30,22,22,17,24,24,25,26,32,29
"306",22,31,23,27,28,21,24,26,26,30,21,26,28,25,22
"307",25,19,28,23,27,23,30,23,24,21,27,29,23,25,25
"308",25,27,26,32,28,25,27,26,21,25,22,25,28,24,25
"309",18,24,29,26,32,31,23,21,22,30,26,28,24,24,31
"310",22,26,24,27,18,26,20,23,26,21,24,26,28,25,30
"311",22,26,20,26,25,22,22,26,27,31,25,29,26,20,29
"312",25,22,31,20,29,24,26,21,18,22,23,26,23,24,19
"313",21,29,24,15,22,28,27,28,25,28,26,23,21,21,23
"314",24,28,24,23,22,21,30,20,23,27,24,21,24,23,25
"315",30,24,30,26,24,25,25,21,24,26,29,26,23,23,19
"316",18,29,27,22,21,27,23,25,30,21,22,27,27,21,26
"317",27,23,28,23,28,27,21,23,26,22,24,19,22,24,27
"318",32,18,22,27,21,29,31,30,26,22,20,26,22,26,22
"319",19,21,19,22,27,20,23,20,30,23,26,25,25,22,20
"320",24,20,27,21,26,24,27,19,22,30,20,27,25,30,26
"321",26,18,30,27,32,27,29,25,27,22,20,27,26,30,23
"322",26,28,24,28,19,19,21,20,26,30,21,30,26,29,25
"323",17,31,21,25,27,20,27,31,26,21,27,29,29,32,21
"324",28,32,24,25,29,23,21,23,24,14,22,29,23,30,22
"325",25,24,24,28,26,22,18,23,26,23,28,21,22,24,30
"326",23,23,30,23,28,20,17,32,25,26,24,26,31,23,22
"327",27,22,23,35,22,22,26,23,29,20,25,25,24,28,26
"328",39,29,33,27,36,23,23,23,26,29,23,24,25,25,27
"329",15,30,28,29,21,33,35,21,28,22,25,27,23,27,23
"330",26,21,23,23,35,22,28,20,21,28,21,24,26,24,25
"331",22,22,20,23,22,24,28,26,26,26,23,23,25,25,28
"332",29,30,23,19,34,28,23,23,24,26,26,26,26,25,28
"333",27,20,26,31,34,30,28,22,23,24,24,25,22,23,23
"334",24,18,24,26,23,19,24,21,23,27,25,24,24,17,27
"335",30,28,21,25,24,23,22,17,22,26,22,25,26,26,27
"336",27,24,27,25,26,28,29,29,17,24,24,22,26,28,27
"337",19,20,28,34,27,30,26,24,14,23,20,25,24,22,24
"338",21,21,25,30,27,27,26,21,23,24,22,26,29,27,22
"339",20,22,28,26,20,26,23,28,20,25,23,22,15,25,25
"340",31,29,26,22,22,31,28,24,29,26,26,25,30,25,23
"341",19,30,24,28,28,23,24,23,22,25,28,28,27,27,26
"342",31,16,22,27,25,25,29,19,23,24,27,23,24,25,23
"343",27,19,27,28,22,26,25,25,23,20,25,21,25,27,26
"344",23,28,21,29,23,21,22,27,29,21,28,32,26,28,25
"345",31,24,24,23,25,24,32,20,20,21,25,29,28,25,25
"346",23,17,26,25,23,26,30,22,22,21,24,27,29,22,26
"347",24,24,30,23,24,18,22,20,25,27,25,26,22,25,22
"348",23,25,31,20,23,26,18,24,24,23,26,23,25,22,24
"349",20,24,31,25,23,29,27,26,34,22,27,29,27,29,26
"350",30,22,28,23,23,24,28,32,21,25,27,24,25,26,19
"351",25,24,18,22,29,24,21,20,27,25,23,24,26,31,27
"352",33,32,32,24,29,23,21,31,22,19,27,25,29,20,28
"353",21,26,26,24,27,24,25,24,27,23,28,27,32,25,26
"354",22,23,26,25,28,24,29,24,25,28,25,24,26,25,25
"355",27,30,23,25,18,23,28,24,27,30,24,21,25,25,24
"356",19,22,28,26,22,27,17,20,24,24,24,25,23,27,25
"357",30,29,28,29,24,17,25,22,29,27,19,21,27,23,29
"358",27,33,21,31,23,20,28,23,22,28,26,24,23,25,21
"359",20,29,19,27,26,29,20,19,27,27,29,27,23,29,27
"360",24,22,26,30,21,28,29,25,25,21,20,23,22,25,30
"361",27,28,20,26,33,24,24,26,21,25,24,23,27,25,25
"362",25,28,28,24,22,24,26,18,29,20,23,24,21,20,25
"363",24,20,23,25,31,21,26,22,25,22,24,25,21,27,26
"364",21,29,27,22,24,25,25,23,25,21,24,28,25,25,23
"365",29,26,20,23,23,32,26,31,27,19,20,28,23,24,26
"366",21,23,32,21,29,26,17,27,21,22,26,27,26,25,27
"367",20,26,21,25,30,25,18,29,28,32,25,21,26,28,27
"368",30,32,32,21,23,19,34,29,23,24,26,27,24,25,19
"369",26,36,25,22,25,23,27,26,26,23,27,32,23,27,28
"370",33,19,27,29,21,22,26,22,26,28,27,29,28,23,25
"371",20,17,26,16,31,23,24,27,31,21,25,22,24,23,30
"372",21,25,31,32,22,21,30,22,24,21,26,22,26,23,25
"373",26,22,22,28,23,25,23,23,22,23,26,22,24,22,27
"374",22,22,27,25,21,24,20,25,20,21,26,25,29,28,26
"375",26,25,37,26,24,25,31,19,18,23,24,23,30,26,21
"376",25,22,29,28,21,29,28,23,26,26,30,27,21,27,28
"377",29,25,32,22,22,27,21,29,19,27,31,33,23,21,27
"378",29,24,23,19,26,29,22,29,25,27,20,25,23,27,23
"379",31,27,28,24,27,24,21,24,23,22,24,21,21,21,22
"380",24,30,25,26,29,21,24,29,17,25,23,24,28,22,27
"381",21,35,24,28,26,26,26,32,23,27,27,24,24,21,24
"382",24,24,14,25,25,25,32,27,23,29,31,24,23,26,23
"383",26,20,22,19,19,24,25,27,23,20,25,21,22,22,29
"384",25,29,27,25,28,28,24,27,24,22,23,26,26,21,27
"385",18,15,29,28,20,20,27,29,26,28,23,29,19,29,24
"386",34,23,19,28,20,24,23,23,27,29,22,22,19,22,22
"387",25,26,26,26,20,19,26,25,21,28,22,25,24,26,25
"388",27,26,23,24,32,19,30,22,21,21,23,26,26,25,24
"389",28,23,21,16,17,23,19,30,30,24,23,22,23,29,26
"390",22,30,25,31,26,27,26,27,28,17,22,19,20,26,27
"391",27,26,25,22,25,30,29,25,27,24,26,21,23,21,28
"392",27,21,25,21,21,28,28,23,24,17,24,22,24,24,22
"393",26,23,22,21,24,31,24,28,25,24,22,20,27,27,27
"394",26,23,36,28,28,29,23,29,17,19,27,24,24,26,24
"395",29,21,24,20,21,27,27,29,22,27,29,24,26,23,26
"396",26,19,29,31,24,28,20,20,23,28,21,28,26,33,24
"397",25,25,20,30,28,28,22,22,27,24,27,27,27,20,23
"398",24,22,30,23,20,20,29,19,26,23,27,22,23,23,26
"399",22,23,24,25,23,25,25,22,28,30,21,26,24,24,20
"400",26,28,23,23,25,28,28,28,21,18,24,29,28,24,22
"401",23,27,32,24,23,22,25,21,22,26,28,29,20,29,19
"402",19,15,28,24,26,23,27,20,27,36,22,26,32,29,28
"403",27,26,28,27,27,22,22,23,26,29,24,27,28,23,33
"404",23,26,30,28,23,25,24,26,24,17,28,25,27,21,24
"405",30,24,25,23,24,24,28,27,23,27,27,25,28,27,25
"406",24,20,21,18,23,22,21,26,25,31,25,27,19,17,24
"407",18,26,25,21,25,28,27,21,32,22,21,24,24,27,27
"408",22,15,18,20,22,27,24,21,21,27,21,24,28,20,19
"409",26,27,31,26,28,24,25,20,27,25,27,24,23,30,29
"410",31,24,27,20,21,23,30,20,20,23,27,23,22,26,21
"411",25,23,24,32,27,29,22,19,20,25,25,26,23,23,25
"412",19,26,24,25,22,25,26,19,26,23,22,24,26,31,27
"413",20,26,24,24,30,27,23,22,24,22,26,19,23,25,23
"414",22,26,29,26,34,26,19,21,22,24,26,25,23,27,24
"415",31,26,29,20,22,21,17,22,23,20,24,26,29,26,30
"416",24,26,24,21,30,25,23,22,21,29,22,30,25,25,19
"417",23,32,25,25,32,20,18,28,24,24,30,26,31,25,25
"418",30,21,30,25,39,25,21,22,23,26,25,23,27,27,23
"419",23,22,28,23,19,28,28,24,25,21,24,21,23,25,24
"420",31,25,23,25,23,28,24,21,22,24,25,22,28,29,26
"421",28,18,21,26,24,28,21,25,21,32,25,23,23,26,29
"422",25,30,29,29,27,28,21,24,18,27,25,21,25,32,22
"423",25,20,29,19,23,29,26,31,26,26,25,27,22,23,24
"424",29,25,24,25,33,21,26,26,20,28,25,25,24,22,26
"425",26,31,26,23,20,28,21,24,28,26,27,22,21,22,25
"426",27,23,23,29,28,24,33,29,28,21,21,28,24,28,24
"427",25,21,23,23,22,26,25,27,28,17,25,26,28,24,19
"428",30,30,28,23,22,27,26,27,26,26,23,23,23,25,26
"429",21,26,25,20,24,23,24,27,25,29,34,27,25,26,28
"430",21,30,21,25,31,23,26,21,20,24,28,22,23,24,22
"431",20,15,23,37,35,16,20,23,20,30,25,24,20,28,29
"432",22,17,22,27,25,33,22,23,22,29,23,24,27,20,24
"433",30,27,32,22,23,27,23,33,27,19,26,23,21,24,27
"434",26,17,22,27,23,26,20,24,30,23,27,29,20,26,26
"435",23,29,30,26,32,33,28,23,27,31,25,24,23,27,22
"436",29,24,22,30,30,25,25,22,22,22,28,21,25,24,21
"437",15,20,21,25,16,20,25,19,28,25,24,23,23,26,25
"438",26,22,20,32,26,23,30,24,24,27,25,25,22,28,26
"439",20,32,27,19,20,23,28,26,28,30,21,25,24,30,25
"440",20,24,20,31,24,23,18,26,20,23,21,25,21,27,26
"441",28,29,25,23,21,31,27,23,27,22,26,22,24,22,28
"442",21,26,23,28,14,20,30,23,31,21,32,26,21,28,29
"443",19,21,22,23,24,29,22,23,27,23,22,17,28,24,28
"444",23,18,32,27,23,26,23,20,26,22,29,30,24,25,23
"445",25,20,19,23,25,25,30,31,23,28,31,25,28,26,26
"446",29,25,21,28,25,25,26,17,23,25,28,28,28,27,29
"447",21,22,30,26,29,24,22,31,23,24,27,30,29,25,21
"448",24,26,27,28,23,29,22,28,33,23,25,22,24,27,25
"449",25,20,25,26,24,20,25,24,25,20,25,25,21,25,28
"450",18,24,30,24,22,30,24,29,21,25,27,19,23,25,29
"451",29,28,23,17,28,26,20,26,20,24,19,26,26,27,24
"452",25,23,19,23,30,28,28,23,24,21,24,20,29,24,25
"453",22,33,30,29,25,27,23,27,25,22,23,22,18,25,20
"454",26,25,22,23,22,25,26,26,27,27,24,22,26,21,25
"455",25,27,17,27,25,23,25,16,18,31,27,25,25,30,21
"456",23,28,28,27,27,23,21,26,21,21,24,20,25,23,26
"457",23,21,23,22,27,24,22,26,24,18,22,28,27,26,26
"458",18,21,24,21,30,27,27,26,26,23,28,28,29,26,26
"459",20,27,32,27,26,32,26,25,30,23,24,23,21,31,22
"460",24,27,28,31,31,21,26,20,35,29,27,19,27,25,27
"461",25,28,27,22,26,33,20,21,23,27,28,29,26,22,26
"462",25,22,24,30,21,18,32,25,21,24,27,30,26,22,28
"463",27,20,28,26,32,30,25,25,22,31,27,24,25,26,23
"464",26,28,19,24,27,21,22,21,26,29,23,27,24,23,22
"465",13,28,21,31,26,24,29,27,27,21,31,25,25,25,25
"466",20,26,24,19,28,28,21,26,29,20,21,25,27,21,23
"467",27,30,23,27,29,21,30,25,25,22,25,25,28,25,21
"468",25,30,19,27,25,26,22,18,19,32,19,22,22,26,25
"469",21,22,30,35,30,24,29,27,22,24,23,20,29,24,27
"470",22,20,28,18,26,25,28,22,24,25,25,26,22,29,27
"471",25,21,27,17,25,29,25,20,23,30,21,20,22,26,28
"472",28,29,26,22,26,23,24,23,23,25,25,19,23,23,22
"473",30,31,24,29,30,26,27,28,21,26,25,24,26,26,28
"474",16,28,34,35,29,24,22,27,23,26,26,23,28,22,30
"475",24,26,20,28,24,20,23,24,22,21,23,22,21,20,26
"476",25,27,25,27,17,22,23,22,26,23,24,24,27,25,27
"477",33,22,25,24,20,20,18,29,25,28,24,23,23,22,29
"478",26,28,31,26,36,22,18,33,23,27,23,21,23,24,26
"479",17,22,22,28,28,26,23,17,24,25,24,29,27,20,27
"480",21,25,22,20,25,28,20,31,23,28,23,23,29,25,22
"481",23,29,35,22,24,26,24,17,26,33,24,21,21,33,22
"482",23,31,23,31,27,23,28,23,19,25,26,26,22,24,29
"483",19,23,19,32,23,31,27,22,21,27,31,24,26,27,22
"484",27,27,19,32,20,22,31,21,31,29,24,24,27,24,31
"485",23,27,23,27,21,28,24,31,28,26,23,26,24,26,25
"486",25,26,38,29,15,36,30,24,20,26,26,31,25,29,26
"487",20,22,25,30,27,22,30,19,33,23,25,21,21,20,22
"488",23,29,31,26,24,31,21,27,24,29,26,25,25,26,26
"489",21,19,32,24,21,25,19,25,28,26,31,27,26,23,27
"490",22,21,21,26,26,18,23,24,22,19,26,21,25,27,21
"491",20,24,20,23,28,25,24,23,23,26,24,22,24,25,24
"492",29,27,21,35,27,20,28,21,20,26,25,22,26,18,25
"493",19,23,20,29,25,23,20,21,25,26,25,30,23,25,27
"494",29,27,14,17,25,26,25,21,25,18,20,24,27,23,25
"495",21,26,21,34,21,24,27,23,18,28,22,23,24,24,21
"496",28,30,25,26,22,27,34,22,26,19,24,28,23,27,29
"497",18,27,24,34,27,20,26,29,18,32,24,26,30,24,26
"498",31,26,22,18,19,22,26,24,25,19,24,21,18,22,27
"499",31,25,23,19,25,28,24,24,18,23,25,28,20,24,28
"500",28,22,26,24,29,28,30,24,21,26,24,25,29,24,25
"501",21,25,29,19,26,28,21,27,30,23,25,26,18,26,26
"502",30,26,26,27,26,22,23,32,29,23,24,25,24,23,21
"503",23,24,18,25,22,25,23,26,30,27,22,26,26,29,25
"504",27,21,24,26,25,24,29,26,17,25,17,29,29,26,26
"505",23,26,24,20,31,26,28,32,23,30,26,29,20,23,19
"506",27,24,27,28,24,23,30,20,23,33,22,23,24,18,28
"507",19,24,30,25,22,29,20,22,26,25,26,28,22,20,27
"508",22,27,27,21,30,27,22,21,24,23,24,28,25,22,23
"509",26,25,22,31,25,33,25,26,26,27,27,30,26,21,30
"510",29,19,18,25,20,23,28,31,18,34,21,27,22,26,27
"511",26,34,24,27,25,25,23,27,24,24,24,23,21,23,24
"512",27,21,20,19,27,26,22,22,29,23,20,31,27,27,26
"513",24,29,23,24,18,24,20,26,26,25,26,26,26,27,23
"514",23,22,26,29,19,23,24,27,26,28,21,23,23,21,27
"515",29,24,22,32,32,25,22,24,23,29,21,21,21,25,24
"516",29,26,24,23,25,24,23,29,27,27,26,24,22,26,22
"517",27,32,26,23,29,30,29,22,28,28,28,28,23,27,29
"518",24,24,24,27,21,22,26,25,22,25,34,22,23,23,24
"519",21,26,21,27,22,24,29,26,23,24,24,20,27,21,28
"520",24,29,24,26,26,29,27,26,28,26,21,22,25,30,25
"521",30,26,21,25,30,19,27,26,19,23,25,28,21,32,21
"522",27,28,28,21,24,28,31,37,30,31,21,24,23,29,21
"523",25,18,25,14,32,24,27,23,22,24,28,26,26,26,24
"524",24,24,25,22,25,31,23,27,28,29,27,25,31,23,26
"525",28,23,23,24,21,25,25,28,25,29,27,27,25,22,29
"526",30,21,25,25,29,22,28,28,20,25,24,24,24,26,25
"527",24,26,28,28,29,29,18,27,22,27,30,25,23,23,25
"528",19,20,22,27,28,24,31,24,26,36,29,28,29,24,24
"529",20,24,24,27,27,22,21,26,28,21,18,26,25,33,26
"530",22,25,23,21,25,32,24,27,26,21,30,28,26,25,24
"531",23,30,25,21,29,27,24,18,27,30,20,20,25,32,24
"532",23,31,19,24,21,24,27,27,30,23,26,18,25,22,25
"533",27,29,21,28,26,24,23,20,23,21,24,28,23,25,28
"534",27,24,30,25,23,20,22,21,18,25,25,23,19,23,22
"535",20,14,28,26,23,22,25,30,26,25,27,21,22,27,27
"536",29,29,27,27,26,28,25,28,27,26,27,25,31,22,25
"537",23,24,27,30,32,19,23,18,27,26,24,21,20,27,25
"538",22,25,28,20,17,29,23,32,24,24,23,23,20,24,24
"539",24,30,24,23,21,26,24,26,26,22,26,25,23,24,20
"540",21,26,22,19,30,22,28,29,23,32,26,21,22,21,26
"541",23,31,26,21,21,25,29,25,27,26,26,25,25,31,28
"542",22,26,23,22,20,26,28,26,23,22,20,26,26,23,23
"543",26,31,28,34,23,19,25,29,21,29,23,27,22,26,29
"544",23,27,31,17,22,22,24,31,23,27,26,17,20,20,26
"545",24,19,23,20,21,29,20,22,29,32,25,23,23,22,25
"546",32,25,30,26,21,28,25,23,21,26,23,24,22,24,21
"547",26,22,20,29,22,19,26,22,22,25,22,18,25,26,24
"548",26,30,24,24,22,30,28,25,23,26,20,27,22,28,24
"549",27,22,19,24,20,34,25,21,27,22,29,26,24,25,27
"550",24,22,21,28,21,25,25,23,23,24,27,26,22,29,23
"551",25,27,22,20,28,25,34,25,24,20,24,27,22,25,22
"552",21,28,17,26,15,22,31,20,33,25,24,25,22,24,25
"553",28,26,25,21,26,20,28,26,25,28,24,22,25,19,20
"554",22,28,22,26,21,27,23,23,29,23,26,22,26,26,29
"555",22,16,27,21,18,20,24,22,30,27,23,23,26,28,20
"556",29,31,34,17,26,24,25,27,27,22,21,26,27,24,26
"557",26,19,30,28,26,29,30,21,27,17,24,27,22,19,26
"558",24,22,20,27,22,25,24,24,24,21,28,26,28,25,24
"559",32,25,24,30,19,30,26,26,25,30,25,30,26,27,25
"560",21,22,32,21,24,27,24,31,30,27,23,25,28,23,29
"561",20,30,16,22,19,22,25,26,32,23,25,23,24,27,23
"562",29,19,27,26,34,25,27,25,20,26,20,23,25,25,24
"563",26,31,23,25,27,29,22,25,28,20,24,21,27,25,25
"564",26,25,24,26,27,22,20,33,26,25,22,27,29,27,23
"565",24,27,23,22,19,28,21,26,31,20,25,27,25,33,25
"566",23,26,23,29,22,25,24,20,18,27,28,26,30,23,28
"567",29,35,32,24,26,17,26,31,23,26,27,24,21,25,23
"568",23,22,21,23,23,23,19,22,22,24,24,27,23,25,21
"569",27,22,29,27,27,30,20,24,23,24,25,28,24,26,26
"570",26,23,33,20,26,26,15,21,31,20,21,27,24,23,21
"571",28,22,32,26,22,19,33,19,28,19,22,25,22,20,28
"572",26,24,22,21,28,18,24,20,31,20,25,24,24,28,26
"573",28,28,33,26,31,19,24,23,25,24,24,26,24,25,23
"574",31,29,25,23,26,26,23,26,24,19,25,22,23,24,24
"575",27,27,26,31,24,31,28,25,22,26,27,25,26,25,22
"576",28,23,27,26,23,36,27,21,30,21,21,29,29,26,25
"577",18,29,24,18,28,19,25,24,26,26,29,24,20,28,26
"578",22,32,24,25,22,32,21,25,25,30,28,27,28,24,28
"579",28,28,24,23,31,28,23,23,21,26,24,28,28,25,20
"580",29,22,33,26,20,30,18,23,17,24,25,22,25,27,22
"581",24,29,23,29,20,31,23,22,24,26,24,24,25,24,24
"582",30,31,24,29,28,19,30,23,24,25,28,26,23,22,23
"583",31,23,26,20,21,29,20,27,21,24,28,19,24,26,23
"584",26,27,26,24,26,29,25,27,29,24,24,24,27,25,23
"585",24,31,17,23,23,22,24,29,27,26,25,22,25,20,25
"586",22,28,26,21,25,26,21,21,26,30,26,21,23,20,25
"587",31,24,21,27,25,23,34,28,25,28,24,25,19,26,27
"588",24,24,33,21,21,20,26,30,24,24,28,27,30,21,22
"589",28,22,21,26,21,28,22,27,19,29,22,26,18,22,25
"590",19,23,29,26,26,21,21,20,22,28,24,27,22,28,26
"591",24,20,25,25,23,31,30,25,24,19,21,20,27,26,23
"592",24,22,31,19,22,25,20,22,24,19,24,25,25,23,23
"593",29,24,22,28,20,25,21,25,32,29,22,26,27,26,23
"594",26,25,22,27,25,24,26,24,20,22,30,25,24,25,22
"595",25,21,32,27,21,25,21,23,22,25,23,26,23,28,25
"596",23,32,25,23,19,29,24,25,28,29,23,27,22,24,21
"597",30,26,26,24,27,32,26,25,24,23,31,24,23,26,26
"598",25,20,28,23,24,18,29,25,24,29,22,25,22,27,18
"599",23,22,31,27,17,26,26,18,34,28,29,25,25,25,22
"600",30,26,29,23,24,30,26,28,27,28,28,25,26,28,23
"601",27,23,24,24,28,28,24,24,29,22,25,27,27,26,28
"602",19,27,28,28,23,23,20,21,25,22,20,23,21,24,22
"603",25,29,18,25,22,26,22,28,31,24,26,23,27,25,31
"604",21,17,22,36,23,23,25,24,27,22,28,22,23,22,26
"605",27,27,17,26,27,27,25,31,28,21,26,19,28,17,29
"606",28,23,19,31,24,31,17,25,18,23,28,27,23,26,26
"607",18,24,28,28,24,21,23,24,29,25,28,23,23,22,22
"608",18,26,23,25,22,22,21,24,24,25,23,23,25,19,23
"609",22,22,31,22,20,26,28,21,24,24,20,25,31,19,23
"610",22,17,23,27,30,22,26,32,25,28,21,24,20,28,25
"611",29,24,28,27,23,26,29,28,25,27,23,25,21,24,23
"612",26,20,28,29,23,25,28,27,29,24,29,26,24,24,21
"613",26,23,22,23,22,28,27,20,21,24,23,29,21,29,26
"614",23,22,28,25,24,28,24,20,29,22,28,23,26,25,20
"615",21,33,24,31,24,31,23,22,19,25,23,24,22,29,29
"616",23,30,26,25,25,26,29,23,23,19,27,20,22,26,28
"617",25,24,27,21,24,23,22,20,25,20,21,27,23,27,28
"618",23,26,27,24,28,24,21,26,26,22,20,23,18,20,20
"619",23,25,22,17,29,21,25,25,24,22,24,28,24,22,26
"620",32,26,25,26,25,25,24,26,26,21,22,24,28,25,24
"621",26,26,22,20,23,23,26,25,26,30,31,29,23,29,21
"622",26,24,22,25,29,25,31,19,26,25,20,29,22,22,26
"623",23,28,25,19,23,26,20,25,31,22,23,28,27,29,23
"624",26,30,21,27,26,22,24,19,32,20,31,26,23,22,26
"625",20,17,32,24,29,25,23,20,29,23,28,20,20,22,21
"626",25,23,28,29,25,24,19,23,28,24,27,23,19,16,25
"627",25,26,19,25,17,24,28,22,30,27,23,22,25,32,23
"628",29,21,18,31,31,22,21,24,29,28,26,23,26,22,23
"629",23,26,26,23,17,29,27,22,26,25,26,23,28,26,21
"630",21,25,19,20,20,23,24,29,29,20,22,28,26,25,21
"631",21,20,25,29,27,27,26,21,22,24,24,23,24,29,27
"632",24,23,24,33,29,27,26,29,30,24,23,25,28,25,23
"633",25,21,24,18,26,27,26,20,24,21,24,27,24,25,24
"634",25,26,16,27,22,24,31,24,27,24,31,25,22,28,22
"635",33,29,24,23,24,27,23,28,23,27,24,22,24,28,30
"636",25,25,13,21,29,30,21,27,24,23,27,26,23,27,25
"637",32,24,26,25,25,22,28,21,21,27,26,16,29,22,22
"638",17,29,23,23,26,19,24,21,30,23,28,26,24,25,29
"639",22,24,24,28,26,22,23,25,20,24,29,25,24,23,28
"640",21,35,29,20,30,23,30,27,23,23,26,29,24,24,31
"641",31,31,18,21,25,28,27,26,26,30,25,27,23,24,26
"642",20,23,20,23,28,23,30,28,27,25,19,25,20,29,23
"643",32,25,30,29,31,22,27,25,25,27,25,22,25,26,23
"644",31,26,24,29,32,25,25,24,26,25,22,28,28,20,23
"645",14,21,18,22,28,28,20,32,30,26,21,26,20,24,28
"646",29,21,22,32,20,18,31,20,24,26,28,24,24,22,25
"647",33,19,24,20,22,20,27,30,28,19,23,26,21,28,19
"648",23,26,28,24,21,21,21,30,27,23,22,26,27,25,24
"649",20,28,25,23,23,24,27,28,21,21,21,28,23,24,25
"650",19,21,30,30,24,29,21,21,27,28,24,26,23,24,23
"651",25,22,29,29,22,28,33,21,24,25,24,23,25,30,28
"652",23,29,24,29,33,20,17,27,23,24,26,29,25,27,28
"653",24,29,18,27,28,26,25,21,27,29,25,24,27,22,26
"654",34,26,27,19,25,29,30,24,22,32,21,25,23,21,28
"655",17,23,21,31,29,20,24,29,23,20,22,24,20,22,23
"656",26,18,18,32,26,24,22,26,23,21,26,28,27,27,25
"657",31,16,24,25,26,30,26,27,23,24,22,24,22,24,26
"658",23,19,24,26,24,28,25,33,28,23,34,24,19,23,23
"659",19,29,20,20,21,26,21,22,31,21,33,20,30,24,26
"660",19,26,27,30,23,20,21,25,21,21,29,25,25,26,26
"661",22,25,33,18,23,21,22,23,32,24,22,18,23,24,23
"662",20,26,22,23,28,26,23,28,25,28,26,21,27,26,28
"663",28,15,22,30,23,24,26,23,26,27,22,30,27,20,29
"664",18,25,21,26,19,27,24,25,28,21,22,32,26,23,25
"665",28,24,22,24,24,26,20,28,25,26,26,28,21,26,26
"666",23,23,30,25,20,27,26,21,26,28,27,20,25,21,26
"667",25,34,23,25,23,24,23,24,24,29,22,25,24,23,25
"668",28,26,18,26,25,25,31,21,20,26,23,24,24,24,27
"669",23,30,26,24,18,21,27,23,18,32,24,24,24,22,21
"670",25,22,26,29,37,28,28,16,22,19,25,25,28,28,24
"671",23,35,25,34,26,29,26,16,24,24,24,28,24,22,31
"672",31,28,18,27,24,23,23,25,27,24,23,23,24,23,30
"673",24,26,30,23,23,19,25,29,29,25,22,27,20,22,22
"674",24,23,24,25,26,26,20,29,27,24,24,21,28,27,28
"675",24,25,20,20,21,19,18,23,27,21,24,25,24,24,27
"676",25,23,24,23,31,21,22,27,26,22,30,25,20,27,23
"677",29,23,23,20,22,25,22,24,25,21,21,25,25,21,24
"678",25,27,28,21,19,27,20,25,24,25,31,24,22,29,26
"679",27,24,28,19,22,26,26,22,23,25,26,25,25,27,23
"680",32,30,22,24,18,29,27,22,25,27,23,24,27,25,20
"681",22,26,15,26,24,26,25,29,21,26,22,20,25,25,23
"682",22,26,25,20,15,23,31,26,27,28,22,24,23,21,22
"683",26,26,24,26,21,23,23,26,30,25,25,30,23,25,23
"684",25,20,23,29,25,21,28,22,29,28,28,24,27,21,27
"685",20,22,26,25,16,24,24,28,23,23,22,29,23,27,27
"686",21,19,17,22,34,21,23,26,28,26,20,30,21,17,26
"687",25,21,30,27,24,22,25,28,25,22,31,24,20,22,24
"688",28,29,20,21,26,21,30,23,24,26,27,23,26,25,28
"689",27,27,23,24,12,30,22,26,26,23,25,20,23,25,24
"690",24,29,19,28,24,23,26,24,23,23,22,25,24,20,24
"691",33,25,26,38,30,17,26,30,24,24,25,23,23,23,23
"692",25,21,21,32,32,26,21,25,23,22,27,19,20,25,27
"693",22,27,23,23,25,31,22,28,31,22,25,29,26,24,22
"694",23,25,27,28,21,22,21,27,16,30,28,21,20,21,25
"695",30,26,28,20,29,20,25,29,21,21,24,25,28,30,26
"696",30,18,25,31,27,25,27,28,21,23,24,29,22,29,22
"697",27,15,35,30,23,28,23,27,22,28,25,20,26,27,28
"698",27,29,23,31,29,29,31,25,24,22,25,22,28,26,24
"699",28,16,24,28,22,26,22,23,23,28,26,23,19,26,27
"700",18,33,24,15,25,23,21,31,27,26,22,22,28,29,27
"701",22,27,27,21,16,28,29,26,27,29,22,24,27,27,27
"702",20,24,21,23,26,24,21,27,24,25,27,26,25,25,21
"703",23,21,24,20,24,23,18,29,19,25,24,25,23,27,25
"704",27,23,21,26,18,23,28,23,28,29,30,27,24,19,24
"705",24,34,17,27,17,29,25,25,31,27,24,23,27,26,26
"706",24,27,17,23,35,32,28,26,22,28,27,27,23,27,21
"707",28,36,19,31,24,30,22,24,27,24,20,23,29,25,21
"708",24,28,25,25,25,27,26,26,18,29,22,22,23,15,24
"709",23,28,27,28,25,23,24,27,18,28,20,25,23,22,24
"710",28,25,28,25,14,27,31,22,31,23,20,20,26,24,27
"711",22,28,16,19,23,26,28,27,28,20,25,19,31,21,26
"712",31,22,26,25,25,28,30,16,24,23,20,27,23,24,26
"713",22,31,27,21,26,24,32,31,28,22,25,31,28,27,25
"714",29,29,34,26,27,22,26,20,22,28,29,21,22,21,27
"715",22,25,24,22,32,26,23,18,26,22,27,26,27,25,24
"716",17,27,17,23,27,23,33,22,26,29,26,24,24,22,28
"717",23,26,22,30,18,25,26,23,23,28,21,25,23,25,24
"718",23,23,27,19,25,23,28,30,24,32,30,20,21,22,26
"719",27,25,17,23,26,22,20,24,22,29,21,22,22,23,23
"720",27,19,20,19,26,24,21,27,27,24,19,22,25,24,30
"721",25,27,20,25,22,17,28,25,17,23,27,27,24,19,23
"722",22,22,26,20,28,22,23,23,23,28,22,26,25,24,27
"723",21,35,27,29,23,26,25,28,22,28,23,26,27,21,23
"724",30,20,25,28,30,23,16,22,29,19,23,26,25,28,21
"725",26,31,29,26,20,23,19,23,27,26,27,22,24,28,27
"726",26,25,23,27,23,29,29,28,29,21,26,27,30,25,21
"727",24,19,30,20,25,21,29,26,21,24,20,22,21,29,22
"728",27,27,30,30,28,27,25,28,20,25,23,22,21,22,26
"729",21,20,32,20,18,28,29,15,26,27,23,27,25,25,24
"730",22,23,21,31,25,29,30,25,24,24,23,27,23,22,27
"731",22,17,24,31,27,26,26,27,21,29,29,22,27,27,18
"732",27,21,17,35,27,26,29,33,22,34,27,27,26,25,23
"733",25,20,23,25,24,27,16,18,30,23,27,22,23,17,21
"734",16,20,29,25,27,23,27,27,25,27,18,22,24,25,25
"735",30,23,24,26,23,30,31,29,23,24,23,23,22,26,24
"736",24,29,27,26,22,27,32,14,28,22,23,20,23,26,21
"737",24,19,28,28,28,22,21,24,38,22,22,26,25,24,28
"738",28,25,16,25,26,25,25,22,30,28,24,22,30,27,21
"739",19,21,31,39,21,22,21,22,24,26,24,24,23,25,18
"740",22,23,15,17,20,32,22,27,23,25,30,26,22,27,19
"741",24,24,24,22,25,24,20,23,26,29,26,20,31,25,26
"742",29,24,23,20,20,22,22,25,25,22,26,27,23,18,25
"743",23,21,24,27,36,19,30,23,28,25,20,23,24,22,23
"744",26,24,20,23,31,33,28,28,24,22,23,29,23,25,24
"745",25,29,26,25,28,23,20,25,25,29,29,22,28,22,30
"746",29,14,25,26,23,24,26,21,22,31,36,19,23,23,23
"747",26,19,29,24,19,24,26,21,30,30,29,24,27,24,21
"748",30,25,32,25,30,25,28,29,20,21,25,23,21,26,24
"749",30,26,25,21,32,24,18,22,24,23,25,24,26,26,22
"750",20,27,21,20,26,26,26,24,27,30,21,25,30,25,28
"751",23,21,24,26,20,26,23,27,30,27,24,23,20,27,25
"752",28,31,16,23,22,30,23,23,28,25,22,23,25,26,24
"753",19,30,21,28,27,26,27,26,20,29,23,25,22,25,24
"754",25,23,19,24,21,27,24,27,21,24,24,25,26,26,28
"755",25,22,25,20,22,24,29,23,28,20,25,19,24,29,24
"756",24,29,20,25,36,23,22,23,21,24,25,25,20,25,30
"757",30,29,24,24,22,21,18,22,22,30,22,21,24,23,26
"758",29,28,19,22,27,16,27,23,22,26,22,23,22,24,27
"759",25,24,30,23,23,24,23,22,24,20,24,23,23,23,26
"760",32,23,23,23,23,30,23,30,23,29,26,25,20,26,26
"761",25,23,26,20,26,21,25,24,32,26,27,25,22,27,24
"762",26,28,25,25,20,27,19,25,30,23,27,20,21,27,24
"763",28,27,29,22,25,23,25,25,22,23,32,26,25,27,26
"764",26,22,28,29,23,23,27,22,26,20,24,31,24,23,27
"765",17,27,23,23,33,30,24,23,27,22,24,23,22,23,27
"766",20,25,20,21,28,25,23,19,27,26,27,23,24,22,24
"767",29,26,21,22,27,24,20,23,21,26,29,21,20,29,25
"768",16,24,24,23,21,25,33,29,26,26,24,26,28,31,24
"769",26,20,16,27,24,23,27,27,28,20,26,23,26,23,24
"770",20,23,25,27,21,23,29,29,22,22,22,27,24,25,23
"771",26,27,22,26,18,28,20,27,18,24,27,27,24,22,26
"772",23,27,23,21,17,27,25,24,25,24,29,18,25,21,27
"773",23,20,25,26,18,28,26,25,24,29,25,24,20,30,28
"774",25,26,30,26,24,30,28,23,26,23,28,29,27,31,27
"775",28,26,28,22,24,25,25,24,26,25,25,26,26,25,26
"776",27,26,24,22,23,24,24,28,21,26,29,23,26,25,26
"777",28,25,23,28,23,24,26,23,24,22,27,23,24,30,25
"778",27,26,29,23,21,27,21,29,22,21,22,17,21,27,28
"779",24,29,24,21,27,24,27,23,24,21,26,23,25,22,20
"780",17,20,18,32,30,22,26,23,22,25,25,22,22,29,20
"781",24,16,17,32,34,20,28,18,29,32,23,27,25,20,27
"782",30,22,30,22,20,23,28,25,23,24,26,26,23,23,26
"783",27,18,27,28,25,19,27,28,23,26,25,24,24,23,21
"784",26,24,28,25,24,19,24,21,28,32,23,17,16,22,22
"785",22,28,21,22,24,25,23,18,28,29,25,25,22,27,27
"786",22,21,22,25,30,27,26,19,25,26,25,23,27,29,26
"787",23,20,23,26,22,26,23,27,19,20,24,24,19,31,25
"788",30,24,21,20,19,24,21,26,22,26,27,23,26,25,24
"789",23,23,27,29,35,28,29,25,26,18,30,28,21,22,23
"790",30,31,23,25,21,23,28,32,26,23,20,20,22,23,25
"791",28,24,26,19,23,28,23,28,31,24,27,27,27,26,28
"792",28,25,24,25,22,26,29,21,24,28,27,23,19,24,29
"793",26,22,22,24,28,26,22,27,26,30,25,25,21,26,25
"794",22,20,22,21,24,28,23,24,19,27,21,30,21,21,25
"795",33,34,18,28,23,24,16,25,23,25,21,28,19,21,25
"796",25,31,29,23,27,27,24,26,22,20,24,23,22,22,25
"797",22,28,27,29,26,23,23,26,25,25,24,21,29,23,23
"798",23,17,25,31,19,28,22,24,20,24,26,27,24,25,26
"799",23,33,24,23,32,25,27,22,26,27,22,26,23,27,27
"800",25,26,19,26,25,25,26,24,23,18,23,29,23,21,28
"801",28,27,23,17,24,27,23,25,24,27,26,25,23,23,22
"802",33,23,26,24,28,24,28,28,27,24,27,21,28,25,23
"803",20,25,21,22,31,25,27,32,29,28,25,23,23,25,23
"804",26,33,27,22,26,30,26,26,20,34,23,26,21,21,20
"805",29,20,24,19,23,26,26,30,23,29,22,20,25,23,25
"806",21,29,28,18,34,21,27,32,36,20,26,23,25,29,23
"807",22,23,22,24,22,26,28,26,20,29,21,24,25,28,23
"808",18,25,27,31,23,27,29,33,27,27,28,19,26,26,21
"809",29,25,32,27,27,28,27,21,26,25,27,24,25,29,24
"810",23,26,32,24,25,27,16,28,27,23,24,24,28,24,23
"811",22,26,23,28,29,24,26,29,32,25,27,22,20,22,24
"812",27,23,24,22,22,23,30,31,22,29,23,26,20,31,22
"813",28,29,25,22,30,23,25,27,25,29,22,25,25,27,24
"814",23,28,22,25,21,28,20,22,25,30,24,25,27,25,26
"815",28,22,40,32,17,21,25,25,30,26,26,28,21,26,23
"816",22,29,20,26,23,35,27,22,27,20,27,22,24,25,27
"817",22,21,26,25,20,28,24,27,27,25,21,26,23,23,23
"818",22,33,22,23,20,18,27,28,27,26,21,26,21,24,26
"819",26,20,21,23,30,28,23,28,22,26,25,27,24,28,24
"820",25,24,23,32,23,25,22,26,31,25,26,26,23,25,25
"821",28,23,28,19,34,22,30,24,21,20,21,26,27,30,22
"822",19,29,19,28,27,26,21,26,24,28,27,26,25,28,26
"823",26,26,20,25,22,24,28,24,27,28,22,20,28,27,19
"824",26,23,29,26,23,24,30,31,26,30,26,24,21,26,24
"825",19,26,27,22,26,29,23,12,29,28,24,22,24,23,24
"826",33,21,22,32,27,21,25,28,29,22,27,27,27,32,26
"827",28,28,24,23,22,22,19,25,25,25,24,23,24,25,25
"828",24,15,21,27,19,26,22,21,24,23,28,25,22,27,23
"829",30,29,27,26,27,30,26,32,27,24,27,23,20,23,25
"830",30,21,22,24,17,23,28,23,21,25,26,24,25,23,25
"831",27,25,19,25,32,22,23,20,23,29,28,21,24,22,25
"832",34,21,25,33,21,32,31,24,30,26,27,25,29,30,24
"833",30,33,21,26,27,22,22,24,25,24,27,30,29,23,29
"834",25,30,27,22,22,20,26,26,21,26,22,21,23,31,24
"835",26,18,25,19,31,25,27,19,20,25,29,30,19,29,25
"836",23,26,24,22,24,26,32,32,21,21,26,25,27,19,27
"837",25,25,27,34,26,25,28,24,25,28,22,23,28,24,26
"838",20,25,25,21,27,23,26,29,29,27,21,22,23,24,23
"839",28,33,28,25,23,16,27,24,28,25,28,25,25,29,24
"840",23,21,28,25,21,26,29,22,38,31,29,22,28,27,31
"841",20,23,26,30,24,25,28,24,21,33,27,26,28,28,26
"842",24,24,21,33,25,28,27,25,27,33,26,27,24,27,25
"843",27,25,28,29,18,23,19,30,22,30,24,28,22,27,27
"844",21,27,29,28,32,25,17,23,26,28,25,18,22,26,22
"845",22,21,29,24,23,26,24,23,27,19,24,23,25,23,25
"846",29,28,23,30,24,17,29,19,22,26,25,25,24,26,29
"847",27,23,25,27,29,25,27,29,27,24,24,25,23,24,27
"848",27,26,25,30,20,24,23,22,24,30,23,27,27,24,26
"849",27,23,22,25,24,26,25,23,30,22,27,28,27,27,23
"850",23,15,25,24,23,18,33,24,22,26,27,22,21,23,24
"851",19,27,30,28,23,20,26,30,27,20,22,23,27,28,28
"852",22,23,25,25,21,26,22,23,31,20,24,19,21,24,22
"853",26,25,14,33,23,25,28,31,21,26,26,23,25,25,28
"854",29,25,20,28,29,30,25,28,22,23,25,21,23,25,26
"855",26,26,24,23,28,27,19,24,21,24,30,22,26,26,26
"856",20,24,27,18,20,26,21,22,27,27,23,24,22,26,29
"857",20,20,27,21,20,26,20,21,31,27,32,26,21,24,27
"858",28,28,21,28,24,19,25,30,25,18,23,24,28,24,19
"859",23,31,27,35,18,24,25,27,35,24,22,27,26,29,25
"860",32,23,27,24,27,25,26,26,25,26,25,32,22,26,26
"861",22,21,23,21,26,31,32,32,23,25,28,26,23,18,25
"862",24,19,25,22,26,26,26,24,23,30,24,24,24,24,21
"863",24,32,24,21,22,23,30,21,26,22,23,20,22,24,23
"864",23,16,20,19,19,24,23,27,25,22,30,25,26,25,25
"865",17,29,21,25,22,22,21,23,25,22,23,26,26,24,21
"866",22,24,20,26,23,28,25,25,23,19,24,22,20,28,20
"867",20,28,31,28,29,22,22,21,21,25,26,23,25,25,23
"868",37,24,21,21,24,21,23,27,25,29,29,25,22,25,30
"869",27,26,21,25,19,20,24,26,24,31,23,34,28,24,22
"870",28,20,33,33,23,23,22,29,33,21,26,22,26,27,22
"871",21,30,27,24,21,33,25,19,21,22,35,23,31,24,25
"872",23,27,24,20,33,23,25,26,28,29,28,23,26,24,20
"873",29,29,23,28,23,25,24,28,30,30,27,22,19,29,24
"874",22,35,27,31,24,22,23,29,25,22,28,27,18,26,23
"875",26,29,24,24,22,22,28,27,22,26,22,26,21,31,25
"876",28,23,26,24,21,21,26,26,28,27,25,22,24,27,30
"877",28,25,30,26,20,23,28,27,27,31,27,21,23,19,25
"878",26,28,19,28,26,18,29,27,25,23,20,25,21,23,28
"879",30,23,32,25,31,27,18,24,24,28,27,19,27,25,24
"880",18,22,29,24,26,25,26,28,23,25,25,22,20,24,23
"881",27,28,25,23,26,23,33,25,24,22,26,22,23,22,24
"882",30,23,28,27,21,23,25,22,27,24,26,22,26,25,25
"883",26,28,21,32,24,20,26,28,20,21,29,26,22,23,25
"884",21,27,22,18,28,26,20,26,18,21,23,29,19,24,26
"885",22,24,20,23,24,31,25,30,30,35,25,23,27,25,25
"886",26,19,23,23,25,23,25,23,22,24,24,26,27,27,23
"887",21,23,24,26,26,23,24,30,31,27,24,26,24,21,22
"888",19,29,19,29,24,24,27,23,17,21,22,24,24,18,24
"889",27,35,25,27,22,31,22,30,21,28,30,24,26,23,23
"890",21,23,23,26,25,26,23,29,20,25,25,23,26,18,24
"891",26,29,20,27,27,26,24,22,24,18,25,26,31,26,20
"892",24,19,27,27,19,26,24,21,22,23,25,20,23,24,20
"893",34,29,32,30,20,27,26,24,30,25,27,28,27,25,21
"894",23,31,27,23,27,26,21,21,25,22,24,25,28,31,29
"895",25,23,19,21,28,26,23,21,23,20,26,23,29,22,24
"896",20,24,25,29,19,25,28,31,28,25,27,25,27,20,26
"897",27,21,26,29,27,24,31,34,24,30,25,25,23,25,28
"898",29,25,26,21,28,22,27,22,26,20,20,25,21,23,29
"899",22,23,26,26,23,25,31,23,25,19,24,21,26,27,24
"900",24,24,25,24,22,20,19,26,22,31,26,24,22,24,19
"901",31,26,27,23,22,22,22,29,25,21,22,26,26,26,22
"902",16,28,23,23,26,25,18,23,30,23,22,22,25,22,21
"903",26,29,22,18,20,25,22,32,23,24,25,25,26,30,30
"904",23,27,29,25,20,26,23,23,23,25,23,26,25,23,27
"905",28,22,29,26,24,23,26,27,25,20,22,23,21,24,24
"906",26,25,26,32,27,21,29,25,23,23,25,21,32,21,19
"907",23,25,28,23,26,25,28,26,24,31,23,27,27,22,24
"908",20,27,25,21,21,21,26,26,22,22,27,24,20,23,28
"909",31,25,25,24,26,24,22,22,31,22,29,24,25,24,30
"910",28,35,27,26,21,28,23,23,29,29,28,23,27,27,25
"911",24,22,22,31,28,21,22,22,23,29,24,24,32,22,30
"912",24,20,22,26,28,20,22,23,33,24,22,25,20,26,21
"913",30,21,26,31,31,28,28,23,21,27,26,22,27,20,23
"914",23,27,31,18,18,21,34,20,27,25,25,28,28,24,23
"915",31,25,22,32,24,27,18,24,24,20,28,22,29,30,28
"916",27,26,20,15,17,33,20,28,27,22,25,24,19,16,24
"917",24,29,24,20,22,28,25,28,25,25,23,20,28,25,29
"918",25,26,26,18,31,21,25,28,31,24,28,24,25,21,28
"919",24,28,23,21,23,20,21,28,22,26,25,27,20,22,24
"920",22,22,21,30,27,25,25,31,25,22,28,25,30,23,30
"921",23,23,20,26,21,24,24,22,26,19,26,20,24,29,24
"922",26,27,22,26,23,26,25,23,29,22,22,28,25,20,20
"923",26,26,25,31,27,22,26,28,30,26,25,21,30,30,26
"924",19,21,27,28,22,25,23,25,30,31,26,28,24,27,22
"925",22,23,27,22,25,25,25,30,24,29,24,23,27,25,27
"926",31,24,28,25,25,24,18,19,30,24,22,21,27,27,28
"927",25,24,26,26,25,28,21,20,22,24,22,19,27,24,29
"928",23,17,32,22,25,23,22,22,35,33,23,25,26,22,25
"929",24,23,18,20,19,22,27,18,29,20,23,25,35,28,22
"930",24,20,25,21,25,31,19,19,23,23,22,25,24,19,20
"931",29,21,27,21,19,20,26,27,30,23,20,24,23,29,28
"932",31,26,28,22,22,21,15,22,21,24,27,23,25,21,22
"933",29,22,25,25,26,23,22,22,15,24,25,25,27,24,18
"934",24,34,24,27,23,21,20,25,22,28,24,23,23,29,30
"935",26,31,24,33,22,28,34,26,20,25,28,25,22,29,24
"936",28,30,27,31,21,27,27,23,24,23,25,24,21,25,24
"937",22,28,26,31,27,31,21,31,23,29,28,31,24,28,29
"938",30,27,30,33,27,25,24,21,22,24,28,27,28,23,26
"939",21,23,29,19,28,31,29,27,26,29,20,20,24,22,26
"940",25,23,26,25,25,28,26,30,29,22,27,25,28,27,24
"941",21,25,33,25,26,22,27,33,28,25,27,26,19,21,26
"942",24,24,15,30,37,31,23,25,19,25,21,28,26,23,24
"943",23,19,31,21,20,26,27,34,31,27,26,24,31,26,21
"944",27,27,22,20,23,24,27,25,19,28,28,23,23,25,24
"945",22,31,26,25,28,23,18,25,25,17,26,20,23,25,27
"946",24,30,23,22,26,21,28,25,25,22,26,22,28,23,31
"947",31,24,19,30,22,22,23,20,24,24,34,27,24,28,26
"948",30,25,26,26,29,24,25,26,22,21,32,25,25,22,26
"949",22,25,20,22,24,20,23,38,27,25,24,23,23,23,24
"950",30,27,25,23,23,23,28,22,24,22,27,24,25,25,20
"951",29,27,22,26,29,18,27,23,26,23,21,22,32,26,28
"952",23,26,19,25,22,29,22,25,24,28,28,26,20,30,25
"953",15,19,26,24,20,26,24,27,27,31,21,26,30,27,28
"954",28,23,25,32,27,28,27,25,21,26,22,26,27,20,22
"955",32,28,28,26,29,26,26,27,30,25,23,26,26,23,20
"956",16,30,22,29,26,19,27,25,24,27,24,26,26,27,24
"957",27,23,17,23,17,25,20,17,23,23,25,20,26,26,25
"958",28,21,24,25,25,24,22,24,22,22,24,21,19,24,22
"959",23,26,28,18,25,21,27,29,28,26,23,28,23,29,25
"960",27,26,32,19,22,24,21,22,20,24,21,22,24,23,23
"961",18,22,21,20,27,27,25,20,21,31,26,27,23,22,28
"962",29,18,18,22,19,25,24,34,23,27,27,26,26,25,24
"963",19,25,19,27,24,25,25,20,20,17,24,31,27,26,26
"964",30,26,22,23,23,19,23,21,24,29,24,27,29,25,27
"965",24,26,24,20,26,27,25,25,26,26,23,23,19,25,28
"966",25,25,20,22,23,26,19,25,22,29,27,23,23,30,23
"967",19,18,19,28,22,18,34,22,22,31,23,21,28,23,23
"968",19,24,21,23,24,24,27,21,24,27,24,28,26,24,34
"969",15,28,19,24,28,27,21,19,25,30,24,22,26,31,24
"970",25,19,20,21,24,24,19,19,22,22,23,29,26,27,25
"971",25,23,24,19,17,30,25,20,29,27,24,27,28,26,27
"972",27,29,22,18,19,23,29,22,25,25,21,22,28,23,27
"973",19,19,25,32,27,21,27,30,24,28,24,21,24,22,21
"974",25,26,19,21,25,28,29,29,16,24,26,23,24,26,28
"975",25,30,26,22,31,24,30,29,26,22,26,29,29,23,21
"976",21,22,25,21,30,22,26,27,24,25,22,25,26,24,27
"977",23,23,25,18,22,21,29,33,24,25,24,25,20,27,25
"978",24,27,27,19,29,27,21,25,23,25,25,26,21,26,21
"979",30,37,23,22,26,22,30,21,30,23,22,27,26,23,27
"980",23,27,20,27,28,22,27,25,21,24,26,24,23,25,25
"981",18,20,30,21,18,21,27,27,24,23,27,25,23,26,26
"982",26,27,25,22,28,26,19,27,26,31,21,24,28,25,28
"983",24,25,26,28,27,27,20,25,21,27,23,24,22,19,28
"984",23,18,26,21,22,19,26,19,19,24,24,25,26,25,33
"985",20,26,30,20,22,28,28,27,25,26,24,29,24,25,27
"986",28,24,28,28,25,25,25,28,22,19,23,23,23,24,29
"987",18,25,29,20,22,26,21,19,30,29,18,20,29,18,28
"988",26,18,28,23,27,23,27,20,23,25,21,20,26,25,22
"989",23,26,27,29,19,21,24,21,22,16,19,25,24,25,25
"990",25,19,25,26,28,24,21,31,23,24,30,21,27,27,21
"991",16,24,21,23,23,26,28,20,24,23,25,28,21,25,26
"992",22,21,28,31,29,30,23,22,15,29,28,24,19,24,25
"993",20,26,19,31,26,25,29,29,26,20,26,26,32,25,22
"994",19,25,29,26,28,22,23,28,22,22,21,24,23,26,21
"995",22,20,19,32,28,22,29,22,26,27,22,29,20,27,25
"996",25,21,26,24,29,21,26,22,27,27,26,22,25,22,20
"997",24,27,29,26,32,24,26,27,33,27,26,27,24,26,24
"998",22,23,24,31,18,27,30,19,29,24,23,23,21,22,24
"999",29,21,20,22,30,18,25,26,21,28,23,19,23,28,21
"1000",24,19,20,24,28,24,23,18,28,19,28,29,20,23,24
"1001",25,30,26,23,22,31,25,28,25,27,26,24,22,22,22
"1002",25,26,29,24,27,24,21,25,24,26,22,25,21,24,26
